6.6 3359.585765
8.2 3246.368573
9.8 3349.79539
11.4 3220.670884
13 2963.056301
14.6 2609.878312
16.2 2373.995725
17.8 2146.030832
19.4 1935.360925
21 1718.761786
22.6 1502.28292
24.2 1368.323793
25.18722935 2047.192826
25.39117259 3123.207266
25.65521831 25178.57696
25.77429775 1987.861325
25.78330187 3183.270351
25.86726525 1330.459519
27.4 1010.496318
29 889.553354
30.6 737.161624
32.2 682.033394
33.8 627.67147
35.4 573.233352
36.82887676 621.40785
37.1329908 1996.347705
37.51476534 681.69041
38.0439823 5941.855917
38.29812349 682.275678
38.79762685 1997.591399
39.17850098 563.393201
40.2 463.653545
41.8 463.775683
43.4 463.775683
45 433.5401
46.6 462.674664
47.59870059 450.143925
48.24339534 8041.430191
48.67581804 450.948668
49.8 381.991317
51.4 409.213795
53 409.27109
53.86736655 693.907871
53.99725093 4937.683072
54.6 516.242622
55.17048732 4699.479168
56.2 378.321856
57.8 354.651989
59.4 354.580669
61 342.207801
61.89408627 341.284156
62.19189742 879.437693
62.67924523 580.951229
62.70265593 3689.014696
63.26541322 402.078825
64.2 296.608701
65.8 300.090148
67.4 300.206417
68.55308067 406.029382
68.75792433 1601.584725
69.23806884 346.771039
70.11934675 347.429465
70.3241904 1542.984808
70.80433492 288.171123
72.2 272.798327
73.8 301.633576
74.72202604 410.638364
75.12991252 2562.667244
75.70077351 351.599497
76.09560402 770.28529
77 275.547105
78.6 263.698806
80.2 272.602359
81.8 271.737867
82.75729967 1193.653223
83.4 410.56938
