2theta(deg) intensity(a.u.) - Method: hybrid
6.600000 315.303798
8.200000 376.236975
9.800000 423.091398
11.400000 454.011375
13.000000 478.079375
14.600000 474.777973
16.200000 479.678534
17.800000 488.588082
19.400000 500.974839
21.000000 511.792727
22.600000 515.711720
24.200000 486.138671
25.187229 594.593407
25.391173 748.916062
25.655218 878.024739
25.774298 770.354646
25.783302 606.255693
25.867265 451.866869
27.400000 423.575612
29.000000 403.634034
30.600000 371.461678
32.200000 340.338064
33.800000 331.988117
35.400000 324.625715
36.828877 319.593798
37.132991 312.095029
37.514765 320.914532
38.043982 343.311318
38.298123 328.959211
38.797627 300.278889
39.178501 277.092463
40.200000 288.183816
41.800000 281.546463
43.400000 278.264231
45.000000 275.426755
46.600000 286.351892
47.598701 292.576444
48.243395 290.706798
48.675818 287.862832
49.800000 300.724382
51.400000 304.984866
53.000000 300.851283
53.867367 288.167021
53.997251 289.189365
54.600000 288.108995
55.170487 284.834753
56.200000 276.940823
57.800000 272.718082
59.400000 270.718254
61.000000 269.907930
61.894086 270.529896
62.191897 272.483597
62.679245 271.281178
62.702656 268.582655
63.265413 263.896441
64.200000 294.590854
65.800000 305.197975
67.400000 294.497590
68.553081 263.346158
68.757924 273.166682
69.238069 278.679560
70.119347 282.179467
70.324190 280.341406
70.804335 282.700050
72.200000 286.601676
73.800000 290.226476
74.722026 289.442792
75.129913 290.225067
75.700774 285.911383
76.095604 279.109758
77.000000 273.605839
78.600000 273.831765
80.200000 271.232374
81.800000 267.692369
82.757300 264.539527
83.400000 265.493948
